594 683
81 642
219 535
28 386
246 349
739 203
577 6
754 524
550 791
156 688
611 529
364 583
325 329
140 280
625 69
483 536
553 458
343 200
258 306
259 91
687 474
167 522
67 49
799 2
300 456
502 308
358 10
770 418
782 621
274 764
341 611
171 548
268 707
17 759
741 382
756 364
718 35
84 167
471 205
604 285
221 522
74 608
290 730
153 568
590 72
437 445
102 10
773 307
196 668
252 484
133 464
57 570
296 617
719 438
237 468
664 12
272 579
493 291
575 134
394 524
386 254
457 729
486 702
193 389
768 677
437 632
797 408
157 473
2 8
489 182
63 656
46 423
565 565
766 427
797 397
236 101
316 23
679 746
393 614
318 184
203 253
332 690
9 395
595 386
387 467
499 626
647 120
208 610
721 798
773 386
29 751
498 477
469 115
359 385
289 726
441 581
380 334
750 625
138 279
291 231
1541 917
926 813
866 1446
838 1177
1357 1125
1022 1441
1425 1466
1474 838
1076 1162
1535 1157
1356 1310
1275 1236
1246 1599
1525 1245
1558 972
1150 1404
1489 1194
1485 1079
1416 1257
1053 1089
1290 1271
1051 933
1125 819
1293 1250
1265 1472
811 1550
1446 955
1544 1537
998 1587
1093 1332
1324 853
1413 1274
1384 1465
1522 1034
1301 1140
1533 1477
1365 1060
1124 1401
926 1301
1170 1023
1249 1508
978 1052
1052 823
846 1359
1357 1403
868 935
1185 983
816 1304
964 1103
1540 969
903 1076
950 1083
1575 1434
1434 1489
1437 1193
1582 1423
874 1535
1318 1578
1491 1301
1344 971
1499 972
1076 1563
903 1013
1348 802
1125 1246
1354 1341
1226 1033
1294 1276
1544 1348
1245 810
980 1475
903 1167
1257 870
1503 1458
1261 1006
1118 1428
956 1540
1249 1329
1280 1074
1162 800
1482 1154
1300 899
1189 1296
1221 889
1425 844
1121 1234
899 1412
1158 1181
1326 923
1243 1012
1188 827
1161 1509
988 1491
839 996
1364 1477
1378 1024
817 1005
850 1353
940 1291
1487 822
1617 2192
2291 1700
2288 2323
2234 1750
1647 1783
1914 2236
1935 2268
2225 2193
1898 2057
2141 2384
1923 1966
2318 2047
2395 1979
2070 1945
1845 1735
2138 2182
1888 2306
2171 1722
2347 2118
1855 1937
2011 2083
1939 2224
2004 2324
1861 2096
1653 2330
1665 2053
2262 1894
1861 1909
1820 2157
1907 1699
2103 1875
1746 1981
2002 1959
1714 1912
1817 2078
1788 2344
1913 2128
1780 2377
2125 1832
2328 2172
2185 1906
2006 1943
1634 2129
2228 1932
1955 2070
2330 1650
2040 1940
2138 2122
2221 2214
2273 2399
1887 1698
1975 1802
1873 2035
2371 1748
1726 2128
1888 2008
1784 2324
1726 2163
1864 1825
2296 1690
2356 1817
2289 1639
2217 2354
2362 2201
1703 2112
1796 1698
1893 2352
2002 1642
1759 1841
1623 1772
1641 2205
2148 2041
2236 1673
2111 2169
1932 2016
1871 2398
2151 2362
1788 1852
1647 1699
1900 2166
2044 1755
1759 2313
2085 2219
2044 1987
2302 2319
2281 1866
1774 2310
2361 2284
2079 1735
2227 2366
2353 2299
2345 1786
1810 2196
1869 2290
1918 1717
1815 2240
2155 1612
1782 1979
1631 1662
2192 2239
2898 3076
2479 2531
2771 2877
2980 2782
3015 2569
3158 2758
3013 3183
2751 2545
2415 2556
3057 3175
3174 2642
3059 2429
2827 3034
2427 3042
2625 2737
2400 3074
2955 3117
2587 2522
2549 2896
2885 2477
2745 2682
3155 2468
2769 3009
3006 2568
2494 3164
2808 3135
2667 3197
3036 2658
2830 2903
2617 2599
2538 2673
2554 2664
2786 2479
2916 3037
2529 3030
3141 2583
3166 3168
2622 2791
2575 3063
2548 3157
3056 3009
2932 2497
2505 2874
2581 3044
2541 2618
2874 2726
2791 3048
2814 2811
2862 2583
2531 2985
2682 2709
2481 2745
2923 3159
2679 2637
2784 2600
2868 2695
2496 2902
2670 2950
2666 3134
2429 2666
2584 2470
2556 2755
2935 2576
2844 2504
3109 3017
2958 2933
2941 2593
2692 2987
2810 2830
3033 2447
3167 2574
3129 2670
3009 2983
3158 2764
2587 2598
2906 3188
2810 2698
2729 3028
2617 2466
3169 2503
3110 2684
2727 2676
2704 2630
3030 2620
2682 3115
2506 2474
2587 2476
2991 2465
2504 3134
2548 2747
2850 2473
2877 3035
3196 2626
3036 2630
2746 2446
2570 2421
3092 2515
2501 2775
2972 2984
2986 2563
3814 3226
3349 3807
3573 3822
3955 3284
3895 3531
3697 3279
3496 3347
3219 3803
3683 3862
3684 3773
3810 3282
3945 3609
3805 3751
3574 3600
3373 3811
3959 3815
3359 3819
3619 3673
3515 3972
3688 3727
3637 3576
3691 3932
3433 3808
3406 3288
3937 3767
3640 3689
3873 3398
3920 3447
3342 3870
3666 3890
3409 3516
3865 3596
3613 3730
3679 3922
3675 3619
3715 3583
3880 3955
3270 3755
3918 3473
3668 3208
3273 3996
3727 3533
3291 3711
3913 3836
3596 3936
3545 3430
3988 3294
3404 3234
3992 3872
3607 3495
3478 3737
3767 3353
3364 3992
3813 3625
3779 3820
3648 3564
3993 3757
3613 3323
3623 3378
3882 3640
3226 3510
3834 3255
3478 3533
3336 3376
3383 3550
3845 3262
3944 3716
3789 3330
3563 3387
3424 3475
3989 3329
3495 3293
3816 3873
3794 3845
3321 3579
3536 3298
3868 3390
3982 3934
3993 3446
3616 3700
3438 3576
3495 3895
3884 3290
3288 3932
3881 3968
3751 3472
3558 3692
3744 3260
3322 3569
3941 3741
3819 3755
3379 3687
3802 3994
3847 3298
3693 3544
3296 3790
3218 3539
3630 3676
3648 3476
3359 3514
