871 476 796 519 862 522 841 484 848 504 877 455
970 761 885 778 869 767
883 923
774 1008 803 955 812 949 840 948
738 957 719 1057 763 930 730 937
832 817 715 856 695 912 829 785 760 901 784 836 750 831 767 823 782 876
1067 837 1104 817 1036 870 1066 865 1116 877 1094 826
536 979 473 968 544 961 485 1022
898 1015 824 1038 891 1019
761 589 814 554 789 559 762 518
1001 626 1060 707 1033 655 1085 705 1031 712 1080 662 1037 716 993 721
918 923 959 840 895 880
461 965 537 905 523 945 397 1010 451 1017 446 1002 471 975 476 984 441 1024
799 876 780 880 820 890 736 821 836 883
615 1191 568 1094 649 1217 663 1201 575 1160
531 1063 536 1107 449 1081 479 1099 492 1090
670 721 626 648
663 749 661 776 815 749 731 789 750 721 771 717
828 882 799 838 773 866 794 887 730 861
909 747 864 651 889 676 900 696 797 641 857 689 851 660
464 829 461 922 433 826
1094 748 1084 805 1037 764 1076 758 1021 793 1114 825 1071 759 1068 749 1071 732
523 786 550 788 569 780 556 794
973 629
1047 890 994 981 903 873 989 813 946 887 1034 911 971 864
705 1175 659 1249 648 1189 668 1206 678 1194 721 1175 653 1182 637 1229 668 1204
844 997 873 934 772 985 874 970 828 989 878 929
921 678
1151 760 1117 709 1058 740 1105 757 1185 735 1102 854 1148 764
490 941 542 1037
773 796 776 763 782 800 763 874 787 811 754 804 861 826 775 827
652 747 651 781 698 779 700 812 655 809 663 825 667 860 710 812
745 571 747 584
811 1122
948 751 893 759
609 1205 589 1213 593 1231 640 1237 694 1221 675 1131
799 765
576 657 576 716 567 740 535 682
1056 912
1068 848 1085 950
704 1178 788 1175 691 1144 761 1202 766 1163 751 1161 700 1164 735 1152
535 857 610 841 577 815 556 909
487 928
833 951 731 897 779 961 780 925
537 887 514 895 544 881 576 886 601 907 543 876 546 957 556 914 625 877
444 872 448 949 555 845 566 919 495 880 534 933 492 907 531 927 497 964
574 906 454 851 544 923 479 876 471 861 452 881
770 826 790 838 842 829 780 794
965 648 869 705 885 641 915 635 947 628 854 635
626 676 606 645 609 738 657 612 674 631 654 651 587 568 712 630 648 570
1033 759 1041 784 1008 755 1027 822 974 809 991 780
886 609 889 578 905 623 923 594 942 605 897 602
1123 982 1140 993
966 782 1004 765 969 786 1009 776 933 745 975 740 1027 770 977 824
1002 1012 1042 954 1037 979 1039 991 1027 938
759 868 767 844 755 913 761 797 768 754 809 897
829 1038 804 1050 778 1014
660 887 748 873 668 854 757 845 756 827
1050 900
791 1099
853 1141 864 1151 754 1149
1131 619 986 578
651 922 678 878 689 890
827 946 835 841 832 882
799 881 782 825 746 848 726 811 794 858 718 871 764 884 716 816 736 774
917 899 819 867 895 877 959 896 815 874
993 631 1025 615 1025 645
640 609 639 699 646 666 651 720 562 697 636 594 570 636
987 556 948 643 1058 615 1002 585 972 557 895 652 983 630 969 611 986 568
970 843 877 808 906 798 922 690 960 782 952 679 926 757
752 953 789 877 771 890 780 841 829 899 771 991 846 902
647 1001 603 997
783 768 789 870
898 949 900 963 859 903
892 871 921 907
965 1127 932 1128 951 1096 886 1208
928 1038 928 1121 896 1105 946 1127 943 1054
865 776 798 746 788 730 850 719 879 760 843 774
771 951 818 978 749 934 752 949 786 910
623 1059 675 1074 621 1013 649 1125
639 716 706 655 666 749 602 658 729 634
935 896
777 1068 682 1003 813 988 750 1013 792 1030 706 1059 700 1058
589 617 623 665 620 641
833 801 907 803 881 714
1149 966 1123 899 1128 936 1127 971 1129 937 1049 956 1200 887 1113 949
843 1088 820 1089 855 1205
773 894 719 893 826 916 826 935 747 1006 746 919 743 972 707 875 718 987
1042 746 1045 770 1000 769 1074 775 1068 755 999 787 1052 829
721 844 793 771 705 749 746 847 655 805 720 776 746 809 788 788 696 755
1096 855
815 932 831 847 888 876 913 849 912 893 832 863 829 898 793 945 924 882
809 859 871 814
772 855 695 791 799 863 725 937 666 840 703 892 758 874 800 950
798 608 858 586 856 619 842 621 771 591 828 607 801 612
933 925 932 928 879 893
931 914 953 839
684 896 750 826 671 874 689 943 714 816 750 906 700 844 666 770 718 835
592 931 709 926 702 905 638 1009 677 892 657 968 657 937 694 1002
543 765 565 770 564 764 536 731
1282 1521 1312 1501 1329 1437 1236 1437 1285 1475 1317 1506 1296 1424 1382 1535
1029 1708
1287 1736 1319 1745 1256 1729 1291 1674 1312 1671 1243 1718
1052 1486 1003 1450 1006 1520 985 1541 1072 1540 1059 1470
1049 1423 1013 1419 1104 1427 1056 1430 1097 1431
986 1751 964 1691 1013 1674 1013 1658 1044 1674 950 1682 1070 1644 1074 1684
1191 1488 1330 1429 1212 1495 1271 1518
1269 1620 1262 1567 1330 1573 1344 1579
1003 1252 993 1188 1084 1244 998 1215 971 1190 926 1182 990 1232 979 1282
1321 1470 1224 1393
1073 1304 1037 1277 1072 1239 1119 1281
1331 1372 1348 1398 1329 1407 1312 1337 1339 1384 1339 1420 1335 1446 1341 1386 1367 1379
1080 1517 1204 1528 1171 1620 1149 1514 1171 1487 1123 1471 1119 1598 1158 1501
1090 1731
1088 1304 1123 1224 1179 1302 1058 1283
1123 1294 1157 1306 1174 1294 1078 1211
1213 1798 1188 1824 1180 1831 1180 1773 1222 1714 1245 1761 1268 1784 1239 1706 1190 1673
1149 1546 1123 1595 1121 1540 1056 1554 1115 1535 1065 1583 1115 1550 1124 1526
1113 1246 1125 1263 1063 1187
943 1241 963 1256 952 1270 936 1194 964 1188 956 1215 1007 1243 953 1235
978 1362 943 1396 1009 1388 992 1378 1019 1372 935 1279
997 1502 984 1490 1008 1436
1214 1160
1189 1572 1117 1570 1173 1512 1180 1454
1122 1485 992 1453 1062 1484 1013 1462 995 1472
1312 1500 1268 1470
1000 1336 1009 1430 1053 1420 1039 1449 999 1453 1080 1386 1030 1393 1019 1403 986 1354
1064 1498
1124 1529 1056 1544 1079 1533 1096 1577 1002 1511 1025 1532 987 1540 1055 1471
1001 1598 963 1635 1064 1583 1010 1599 1032 1645 971 1573 952 1621 1067 1566
1314 1583
1383 1363 1376 1392 1369 1449 1404 1422 1414 1435 1440 1432 1415 1450
1136 1474
969 1542 1027 1633 986 1575 940 1589
1314 1252 1403 1307 1371 1263 1370 1337 1349 1284 1361 1306 1307 1302 1387 1300
1356 1196 1348 1187 1408 1092 1425 1193 1372 1182 1392 1161 1384 1136
870 1552 858 1453 850 1533
700 1366 769 1377 732 1367 731 1348 764 1421
1016 1513 985 1456
980 1766 1017 1885 1012 1838
1415 1653 1429 1696 1422 1639 1390 1663 1332 1726 1361 1678
1130 1575 1136 1582 1183 1578 1147 1589 1115 1552 1145 1630 1125 1628 1150 1575
1371 1474 1347 1460 1278 1461 1392 1404
1529 1305 1496 1304 1435 1296 1569 1364
1108 1730 1071 1627 1094 1669 1140 1619 1007 1714 1081 1691 1121 1648
1358 1428 1277 1433 1296 1424 1258 1418 1328 1346 1291 1420 1365 1418 1267 1428 1284 1383
1086 1729 1145 1774 1111 1708 1141 1715 1052 1726 1069 1719 1132 1702 1119 1699 1101 1700
1277 1343 1240 1352 1237 1335 1272 1324 1337 1293
1212 1278 1156 1328 1237 1288 1168 1273
1166 1440 1182 1441 1183 1487 1128 1460 1199 1434 1184 1516 1154 1560 1106 1543
1459 1498 1486 1534 1480 1511 1385 1536 1452 1520 1454 1516 1428 1481 1445 1489
1020 1425 972 1411
1101 1713 1012 1729 1042 1736 1061 1707 1096 1714 1098 1716 1074 1728 1055 1639 1106 1749
1353 1754 1321 1639 1326 1671 1333 1656 1344 1619 1302 1658 1308 1613 1372 1720
1189 1505 1240 1478 1262 1534 1195 1439
1022 1825 1045 1813 1000 1849
1134 1269 1098 1259 1161 1227 1123 1303 1110 1243 1134 1216 1143 1224 1139 1225
1101 1626 1092 1593 1063 1637
1074 1775 1187 1779 1059 1713 1137 1670 1148 1667 1134 1706 1114 1778 1162 1705 1099 1713
1400 1578 1407 1615
809 1476 796 1537 856 1609
1238 1561 1276 1649 1219 1665 1275 1639 1250 1681 1229 1651
1197 1392 1109 1440
1206 1394 1230 1472 1265 1447
993 1812 969 1880 968 1843 933 1803 920 1833 955 1813 953 1825 901 1803 940 1839
1208 1605 1110 1481 1178 1559 1159 1525
936 1481 951 1408
1308 1774 1295 1703 1370 1722
1215 1687 1224 1578
1283 1542
1267 1370 1312 1390 1320 1407 1299 1396 1348 1371 1273 1369 1288 1347 1296 1281
1173 1486 1212 1445 1153 1496 1232 1416 1141 1447
1272 1708 1258 1686 1284 1706 1265 1732 1258 1605 1257 1677 1234 1698 1276 1689 1318 1734
1095 1618 1094 1646 1032 1618 1071 1690 1159 1668
1109 1736 1066 1739 1094 1747 1078 1749 1041 1782 1175 1763 1136 1723
1295 1182 1388 1193
1113 1513 1130 1529 1069 1447 1064 1538
1143 1504 1157 1361
1194 1773 1193 1762 1207 1716
1357 1552 1251 1585 1348 1461 1323 1533 1310 1509
856 1506 767 1413 827 1522 841 1537 883 1456 817 1431 780 1440
970 1286
943 1577 988 1447 920 1564 929 1530
1058 1431 1099 1417 1084 1408 1059 1467
1184 1451 1134 1444 1180 1542 1199 1408
943 1623 993 1680 976 1626 999 1652 967 1633 981 1688
1160 1532 1154 1543 1167 1549 1161 1538 1177 1458 1139 1557
1092 1777 1038 1755
1077 1760 1092 1738 1087 1742
1005 1757 1011 1762 1031 1762 1060 1789 1055 1751
948 1709 1045 1750 1013 1665 1042 1736 948 1693 970 1734 933 1677 927 1702
1205 1494 1180 1560
1105 1400 1191 1423 1194 1284 1044 1361
1075 1300 988 1356 1082 1344 1112 1339
1144 1263
1339 1499 1267 1459 1322 1439 1350 1531 1327 1477 1273 1510 1369 1571 1341 1442
1340 1509 1402 1531 1383 1504 1378 1475 1395 1555 1357 1421 1360 1558 1429 1502
1024 1280 1105 1258
1203 1689 1135 1661 1136 1633 1133 1620
980 1401 1033 1384
1196 2153 1214 2081 1232 2032
1416 1966 1531 1953
1342 1943 1432 1974 1374 2004 1379 1944 1349 1929 1307 1995 1348 1928 1305 1921 1362 1960
1448 2118
1477 1882 1631 1967 1535 1965 1569 1918 1555 1921 1628 1922 1464 1906 1524 1887 1602 1898
1296 2037 1279 2029 1265 2030 1312 1994 1332 2130 1230 2064
1349 2287 1291 2271 1333 2268 1279 2254 1265 2264
1312 2247
1555 2002 1491 2035 1558 2048 1499 2049 1501 2029 1474 2031 1498 1967
1312 2080 1265 2120 1239 2077 1315 2105 1280 2037 1244 2147 1336 2128 1243 2127 1287 2076
1509 2422 1505 2416 1544 2341
1326 2198 1311 2178 1283 2054 1261 2134
1016 2278 998 2232 1015 2345
1316 2010 1444 1859 1386 1847
1298 1959 1279 1927 1322 1932 1297 1984 1279 1856 1253 1913
1312 1996 1243 1985 1264 1952 1270 1902
1615 2419 1641 2448 1633 2426 1628 2459 1627 2429 1565 2432 1601 2377 1594 2438
1115 2109 1121 2098 1125 2110 1139 2017 1129 2026
1429 2198 1357 2130 1261 2192
1197 2076
1538 2017 1569 2089 1495 2045 1503 2043 1548 2017
1452 2019 1359 2083
1371 2169 1303 2166 1287 2129 1292 2119 1436 2060 1323 2117
1611 2107 1555 2071 1584 2041 1646 2034
1490 2021 1463 2002 1482 2003 1489 2052 1433 2083 1491 2002
1588 2054 1646 2121
1201 2018 1301 2024 1209 1982 1203 2004 1155 2065 1274 1949 1292 2062 1286 2015 1218 2004
1394 1949 1391 1965 1467 2004
1096 1902 1145 2021 1125 1968 1164 1889 1132 1969
1167 1873 1241 1786 1205 1826 1193 1817 1170 1872 1200 1836 1225 1857
1180 2321 1093 2267
1457 2220 1407 2275 1353 2287 1390 2228 1388 2266
1481 1908 1391 2003 1437 1976 1420 2070
1392 2006 1405 2026 1375 1996
1148 1868 1147 1869 1084 1946 1132 1892 1165 1840 1141 1932 1183 1890 1117 1857
1084 2091 1076 2053 1100 2055
1229 2111 1297 2098 1267 2114 1237 2121 1275 2095 1228 2121 1223 2091 1212 2079
1147 1921 1145 1945
1397 1803 1389 1881 1311 1925 1355 1897 1403 1858
1532 2182 1572 2145
1407 1982 1479 1947
1229 2106 1218 2101 1168 2129 1166 2205 1238 2132 1181 2122 1246 2134 1247 2179
1442 2019 1444 1923 1410 1967 1480 1960 1435 1939 1364 2008 1353 1994 1407 1999
1119 1896 1119 1872 1093 1891 1072 1985 1076 1963 1126 1971 1109 1912
1347 1956 1361 1978 1438 1960 1384 1940
1540 1966 1493 1923 1491 1961 1550 1935 1479 1983 1511 1858 1509 1882 1517 1892 1537 1968
1426 1997 1441 2073 1424 1934 1393 1954 1404 1964 1383 2058 1442 1973 1405 1953 1516 1954
1120 2154
1239 1811 1274 1820 1312 1848 1257 1811 1233 1828 1272 1790 1261 1853 1270 1823 1288 1861
1397 2136 1329 2107 1350 2065 1342 2067 1382 2112 1387 2092 1391 2095 1389 2108
1330 2114
1522 2103 1544 2055 1537 2113 1490 2096 1546 2076 1458 1995 1468 2077 1572 2088 1553 2001
1593 2199 1553 2140 1483 2177 1540 2176
1314 2219 1304 2224 1306 2239 1328 2229
1680 1826 1649 1909 1687 1904 1631 1923 1694 1886 1704 1994
1138 2185
1387 2201 1411 2235 1450 2222 1442 2262 1426 2308 1439 2237 1463 2267 1470 2295
1236 1873 1237 1933 1263 1953 1178 1903 1256 1905 1251 1885 1254 1896 1278 1915
1471 2179 1487 2159 1563 2185
1145 1951 1125 1948 1110 1846 1101 1936
1184 2062 1152 1955 1213 1992 1153 2009 1140 2080
1150 1989 1108 2035 1179 1983 1091 2007 1155 1976
1270 2189 1224 2097 1236 2197 1309 2092 1276 2215 1269 2147 1217 2143 1316 2139 1336 2108
1255 2338 1229 2298 1209 2332
1128 1893 1088 1879 1116 1921 1149 1883 1153 1878 1082 1877 1212 1978 1132 1889 1177 1915
1033 2067 1007 2075 1016 1965 1007 2020 982 1979 1000 2025
1437 2096 1477 2023 1478 2055 1481 1979 1468 2074 1454 2113 1463 2062 1490 2048
1125 2021 1088 2016 1083 2092 1145 2033 1101 2082 1085 2026 1110 1983 1119 1967 1076 2035
1279 2024 1285 2048 1302 1986 1256 2020 1326 1961 1303 1967 1287 2012 1370 1971
1185 2251 1276 2250 1276 2237 1302 2259 1275 2252 1248 2252 1282 2237
1486 1841 1416 1860 1440 1905 1440 1906 1413 1900 1390 1839
1235 2071 1206 1961 1126 2095
1370 2479 1294 2406 1306 2416
1254 1685 1311 1740 1325 1696 1314 1723 1267 1669
1084 1846 1059 1900 1087 1785 1027 1904 1110 1860 1075 1813 1048 1837 1136 1853
1144 2023 1130 2075 1134 2012
1092 1751 1155 1863 1137 1816
1352 1969 1385 2011 1324 1988 1261 1967
1227 2353 1174 2277 1189 2222
1486 2056 1483 2121
1298 2022 1340 2013 1301 2103 1298 2040 1321 2036 1337 2012 1285 2089
1222 2095
1296 2253 1311 2216
1397 2202 1443 2161 1344 2187 1353 2116 1384 2224
1029 1847 1047 1879 1054 1845
1060 2257 1091 2343 1069 2232 1158 2256 1051 2245
1021 2311 1132 2362 1034 2353 1046 2312 1031 2266 1051 2348 1043 2306 1066 2290
1173 1986 1172 1874 1206 2001 1315 2003 1285 1947
1346 2232 1397 2235 1386 2210 1379 2254 1479 2235
1320 2106 1346 2055 1295 2121 1312 2135 1358 2137 1287 2111 1325 2135 1384 2174 1318 2123
1069 1994 1036 2068 1110 2001 1015 2006 1061 2079 1063 1991 1125 2051 1050 2025 1056 1993
1313 2103 1263 2117 1321 2100 1331 2084 1298 2110
1325 2293 1384 2354 1307 2435 1290 2327 1281 2356 1246 2354 1279 2387 1280 2340
1308 1946 1286 1869 1258 1901 1179 1979 1235 1897
1670 2131 1623 2123 1693 2162 1640 2155 1715 2126 1673 2105
1455 2277 1460 2324 1387 2347 1463 2350 1438 2263 1455 2227 1413 2267 1465 2285 1437 2270
960 2043 983 2092 978 2049 998 2080 1017 2115 963 2054 960 2085 978 2068 968 2034
963 2204 1022 2218 1040 2255 1063 2244 1031 2173 1038 2153 1077 2244 1089 2169 1027 2271
1374 2101 1324 2033 1285 2015 1364 2070
1372 2117 1406 2118 1341 2216
2304 2186 2292 2259 2322 2298 2294 2257 2287 2186 2259 2243 2220 2242
2510 2143 2424 2179 2500 2156 2463 2107 2463 2120 2518 2204 2512 2113 2567 2178 2492 2131
2372 1969 2434 2039 2349 2067 2369 1988 2375 2010 2357 1990 2374 2026
2300 2321 2237 2193
2253 2182 2168 2154 2164 2095
2150 2277 2156 2313 2081 2266
2498 2464 2499 2496 2480 2435 2442 2484 2526 2443 2438 2446 2479 2458 2461 2407
2350 1996 2373 2027 2426 2068 2328 2005 2376 1970 2332 2003 2360 2051 2360 1960 2396 1972
2246 2480 2252 2463 2261 2475
2432 2086 2419 2074 2452 2083 2427 2057 2380 2106 2404 2118 2450 2135 2415 2064
2323 2178 2224 2176 2244 2160 2240 2076 2340 2081 2280 2202 2205 2170
2373 2218 2399 2175 2406 2176 2435 2202 2402 2188 2434 2203
2335 1927 2379 1928 2324 1991 2309 1941 2398 1983
2161 2217
2385 2145
2348 2254 2388 2203
2442 2397 2371 2387 2405 2367 2323 2489 2443 2422 2409 2425 2390 2391 2390 2333
2334 2108 2357 2162 2306 2160
2569 2201 2479 2244
2238 1924 2160 1963 2231 1891
2404 2163 2482 2179 2484 2150 2427 2262
2373 2163 2436 2266 2384 2272
2139 2165 2251 2286 2157 2236
2261 2194 2308 2296 2244 2273 2245 2255
2236 2118 2217 2092 2158 2079 2213 2108 2202 2130
2374 2162 2289 2202
2417 2057 2335 2135 2426 2056 2411 2126 2354 2091
2128 2293 2089 2306
2483 1824
2375 1980 2392 1845 2336 1880
2228 1968 2253 1962 2221 1986 2157 1911 2214 2001 2158 1961
2364 2266 2456 2336 2405 2361 2370 2305 2358 2351 2382 2359 2354 2332
2332 2195 2250 2337 2249 2296 2250 2267
2148 2086 2147 2119 2111 2063
2201 2214 2251 2174 2181 2154 2159 2120 2258 2169 2183 2244
1973 2499 2032 2523 1982 2455 2039 2483 2095 2465 2116 2459
2480 2013 2368 1992 2470 2005 2438 1993 2474 2056 2429 1999 2491 2077 2422 1986
1947 2151 1973 2155 1900 2153 1876 2205 1858 2180 1892 2203 1954 2153 1941 2147
2245 2396 2235 2355 2258 2356 2281 2345
2318 2094 2365 2083 2371 2090 2303 2060
2205 2340
2030 2291 2047 2335 2112 2261 2100 2274 2075 2291 2007 2240 2109 2313 2105 2244
2448 2175 2355 2051 2446 2094 2314 2086 2418 2115 2325 2149 2438 2124
2179 2067 2202 2048 2113 2035 2105 2146 2126 2083 2120 2095 2139 2161 2166 2077
2470 2044 2443 2062 2438 2025 2477 2101
2307 2149 2333 2166 2331 2170
2321 1977 2283 1990 2275 1970 2254 1981 2211 1982 2324 1990 2329 1984 2293 1907
2369 2304 2391 2301
2268 2252 2194 2308 2242 2327 2192 2293 2186 2296 2277 2310 2240 2245
2512 2189 2490 2190 2438 2170 2567 2202 2536 2175
2353 2364 2290 2318 2238 2289 2324 2328
2079 2460 2132 2446 2111 2498 2141 2453 2133 2466 2143 2518
2089 2221 2138 2180 2162 2154 2157 2133 2153 2193 2091 2157 2131 2161
2366 2326 2384 2272 2399 2349 2338 2284 2344 2355 2387 2351 2374 2351 2432 2398 2345 2340
2386 2171 2423 2226 2416 2175
2232 2081 2263 2157 2266 2103 2182 2077 2177 2164 2320 2194 2292 2130 2214 2111
2222 2316 2175 2243 2269 2279 2231 2207 2293 2291
2544 2208 2447 2218 2523 2152 2473 2212 2506 2234 2496 2198 2487 2288 2459 2225
2551 2121 2564 2118 2647 2080 2619 2088
2523 2049 2405 2042 2381 2085 2441 2070 2434 2029 2412 1981 2358 2007 2467 2039 2448 2024
2039 2106 2138 2148 2079 2127 2084 2191
2540 2185 2561 2209 2583 2221 2550 2229 2447 2165 2546 2240 2520 2249 2564 2277 2562 2288
2343 2057 2266 1998 2325 2031 2259 1951 2283 2054
2445 2376 2390 2426 2420 2413 2427 2394 2415 2368
2412 2190 2453 2170 2461 2220 2476 2181 2461 2175
2543 2408
2294 2062 2220 2048 2300 2042 2264 1987
2432 2183 2469 2134 2459 2149 2402 2102 2430 2214 2381 2126 2481 2198 2429 2169 2435 2174
2161 1932 2185 1917 2198 2017 2245 2048 2241 2040 2214 1935 2232 1988 2190 1990 2202 1981
2120 2153 2077 2232 2084 2136 2088 2131 2154 2118 2036 2148 2099 2080 2092 2204 2109 2098
2375 2192 2268 2199 2314 2174 2323 2102 2290 2216 2349 2185
2184 2298 2050 2310 2091 2343 2094 2368 2089 2322 2105 2345 2110 2335 2078 2282
2046 2119 2011 2198 2070 2137
2237 2004 2279 1964 2245 1978 2305 1956 2290 1986 2230 1996
2302 2036 2307 1996 2361 2055 2297 2016 2309 2065 2379 2005 2309 2009 2310 2027 2289 2032
2097 2042
2489 2071 2532 2050 2557 2165
2437 2251 2416 2319 2370 2268 2360 2289
2244 2239 2190 2234 2173 2219
2254 2087 2248 2050 2283 2053 2236 2064 2223 2100 2272 2088 2271 2075 2282 2035 2274 2020
2243 1838 2192 1941 2130 1980 2143 1952
2194 2012 2221 1932 2175 1968 2231 1982 2206 1983 2195 1951 2208 2003
2145 2346 2151 2392
2400 2220 2361 2200 2422 2184 2369 2224 2357 2220 2413 2230
2337 2173
2336 1944 2295 1950 2279 1929
2012 2346 1997 2309 1990 2239
2628 1960 2587 1981 2563 1989 2550 1972 2518 1928 2585 1936 2538 2002 2572 2020
2172 2116 2163 2113 2136 2036
2622 1981 2589 2060 2595 2056 2611 2044 2576 2098 2672 2023 2581 2080 2587 2013
2258 2495 2305 2483
2353 2243 2294 2193 2274 2141
2063 2261 1969 2217 2031 2199 2079 2258 2055 2220 2094 2292 2035 2237
2495 2326 2451 2307 2410 2380 2395 2313
2148 2289 2147 2296 2147 2288 2169 2226
1978 2336 1968 2222
2090 2276 2072 2306 1991 2291 1965 2292 2015 2332 2049 2321 1974 2305 2081 2320 2038 2328
2422 1929 2355 1833 2378 1870 2405 1841 2396 1935 2462 1897 2400 1788 2411 1821
2220 2279 2202 2256 2219 2310 2178 2333 2225 2265 2197 2348
2167 2169 2157 2158 2197 2175 2140 2091 2168 2074
1308 2950 1321 3024 1391 3043 1304 2997 1327 3021 1350 2956
1641 2909 1545 2864 1602 2899 1586 2848 1620 2891 1618 2890 1619 2781
1556 2912 1494 2905 1474 2904 1521 2909 1496 2830 1552 2912 1521 2932 1536 2932 1533 2872
1618 2633 1575 2616 1654 2506 1641 2530 1617 2562
1615 2890
1694 2731 1705 2692 1627 2697 1697 2695
1595 3084 1569 3028 1651 3124 1600 3105
1656 2529 1570 2522 1590 2519 1600 2532
1739 2788 1707 2798 1708 2797 1655 2810 1717 2786
1787 3012 1745 3018 1786 3046 1733 3094 1682 2981 1756 3051
1822 2597 1866 2549 1894 2610 1845 2603 1951 2591 1911 2566 1775 2559 1848 2613 1879 2599
1508 2513
1658 2814 1758 2823 1726 2824 1807 2856 1751 2777 1754 2806 1704 2815 1722 2870
1376 3090 1411 3075 1440 3120
1536 2938 1493 2859 1496 2857 1485 2867 1508 2829 1491 2853 1512 2881 1464 2842
1589 2830 1457 2803 1538 2885 1472 2874 1466 2782
1312 2932
1719 2600 1659 2720 1708 2764 1668 2635 1682 2647
1502 2716 1483 2747 1547 2721 1470 2742 1518 2716 1423 2705 1472 2739
1556 2843 1574 2835 1664 2834 1591 2842 1608 2849 1623 2804 1529 2902 1600 2797 1661 2825
1430 2500 1436 2496 1478 2454
1638 3078 1612 3066 1606 3029 1615 3111 1621 3017 1647 3023 1678 3076 1702 3064 1562 3017
1453 2522 1463 2487 1360 2538 1438 2559
1462 2663 1482 2645 1462 2662 1510 2674 1429 2740 1531 2680 1445 2586
1760 2588 1735 2664 1775 2641 1761 2606 1749 2599 1791 2620 1771 2597 1741 2638
1568 2620 1524 2685 1559 2610 1600 2589 1472 2653 1483 2643 1510 2629
1510 2810
1560 2863 1524 2843
1666 2778 1739 2781 1760 2777 1755 2779 1737 2774 1699 2760 1695 2738
1875 2634 1957 2683
1876 2842 1867 2886 1784 2811
1570 2879 1527 2770
1600 2540
1726 2676 1739 2662 1730 2721 1673 2727 1669 2638 1692 2647
1240 2989 1301 3104 1243 2963 1220 3073 1280 3069 1226 3033 1146 3035 1177 3009 1225 3029
1575 2856 1626 2873 1572 2798 1588 2826 1521 2793
1735 2870 1729 2897 1666 2873 1732 2992 1730 2872 1736 2903
1715 2763 1646 2799
1466 2905 1458 2824 1529 2822 1437 2889
1835 2856
1662 2837
1654 2868 1661 2807 1662 2867 1704 2805 1654 2813 1721 2823 1655 2821 1710 2833 1637 2839
1433 2791 1510 2826 1466 2838 1441 2892
1752 2891 1810 2990 1875 2971 1836 2975 1797 2956 1743 2890 1810 2930 1793 2887 1846 2981
1497 2807 1431 2777 1460 2772
1901 2834
1429 2878 1388 2939 1318 2918 1395 2885 1378 2936 1429 2875
1705 2979 1718 2977 1683 2943 1777 2965 1662 2983 1797 2949 1811 2943
1824 2791 1818 2745 1809 2806 1827 2811 1841 2810 1778 2784 1746 2767 1803 2762
1839 3190
1514 2627 1514 2618 1492 2669 1443 2614 1465 2563
1742 2881
1571 2959 1578 2933 1522 2902 1539 3004 1549 2987
1684 2845 1735 2847 1760 2827
1660 3110 1594 3106 1681 3135 1608 3029 1654 3104 1639 3049 1558 3060 1645 3041 1652 3121
1612 3005 1538 3005 1543 2936 1638 3025 1602 2954 1616 3032
1714 2683 1771 2669 1769 2741 1775 2668 1795 2693 1719 2681 1749 2758 1806 2693
1860 2761 1813 2848 1826 2859 1809 2795 1771 2796 1830 2849 1877 2817 1832 2723 1766 2712
1730 2471 1778 2456 1637 2567 1707 2509 1709 2501
1486 2574 1431 2641 1440 2618 1449 2667 1507 2628
1527 3029 1434 3060 1442 2997 1569 2954 1511 2959 1567 3028 1455 2936
1591 3021 1600 2931 1660 2955 1641 2920 1666 2982 1655 2958 1674 2889 1620 2930
1506 2880
1717 2818 1685 2737 1685 2832 1729 2784 1598 2764
1830 2616 1834 2550 1884 2609 1808 2549 1896 2570 1872 2545
1491 3171 1476 3122 1538 3050 1465 3057 1571 3065 1491 3102 1535 3019
1750 3129 1724 3112 1720 3071 1720 3086 1649 3107 1676 3081 1734 3062
1666 2738 1660 2780 1636 2699
1698 2785 1715 2842 1742 2768 1699 2715 1688 2722 1752 2811 1751 2766 1688 2782 1623 2677
1837 3014
1516 2898 1585 2802
1444 2681 1346 2679 1430 2679 1396 2677 1346 2680 1389 2746 1499 2668
1624 3134
1418 2787
1324 2869
1707 2935 1634 2842 1557 2852 1586 2863 1695 2783 1626 2852 1694 2776 1678 2855
1576 2766 1567 2725 1642 2686 1543 2752 1542 2830 1541 2739 1598 2777
1466 2862 1358 2855 1451 2844 1438 2859
1450 2636 1424 2606 1453 2573
1748 2812 1672 2842 1628 2835 1679 2866 1706 2920 1586 2831 1614 2822 1632 2886 1695 2837
1538 2463
1488 3104 1588 3068 1578 3038 1539 3031 1528 3074 1558 3026 1540 3055 1543 3072
1848 2937 1877 2857 1845 2828 1831 2833 1767 2856 1882 2872 1855 2982 1841 2924
1717 2873 1590 2841
1740 2765 1672 2824 1728 2819 1764 2813 1727 2857 1704 2759 1747 2804
1650 3005 1711 3041 1709 2957 1686 3070 1623 2992 1670 2995 1732 3016 1678 3027
1625 2726 1573 2674 1493 2723 1546 2737 1534 2747 1590 2678 1536 2720 1513 2720
1449 2823 1479 2711 1434 2754
1972 2607 1986 2690 2013 2643 1961 2669 1972 2730
1653 3048 1627 2912 1612 2935 1692 2966 1677 2916 1607 2983 1656 3015
1740 3068 1715 3061 1740 3059 1783 3111 1804 3097
1513 2814 1508 2811 1474 2832 1534 2780 1467 2852
1758 3154 1712 3155 1770 3132 1806 3172 1833 3105 1688 3169 1735 3080
1729 3156 1677 3221
1586 2555 1624 2531 1672 2567
1453 2876 1455 2932 1449 2958 1552 2800 1379 2836
1827 2641 1833 2738 1954 2701 1913 2722 1909 2751 1811 2737
1687 2728 1624 2746 1720 2752 1639 2766 1661 2739 1679 2790
1680 2879 1661 2833 1602 2858 1635 2817 1621 2895
1323 2889 1371 2959 1370 2941 1370 2946 1312 2852
1847 2266 1834 2254 1811 2352 1833 2312 1852 2317 1839 2256 1899 2289 1890 2251 1846 2288
1487 2506 1527 2513 1529 2486 1476 2412 1509 2531
1743 2389 1773 2305 1747 2345
1514 2228 1465 2144 1438 2186
1668 2351 1724 2334 1697 2353
1575 2143 1580 2136 1577 2135 1607 2120
1509 2166 1494 2126 1465 2168 1499 2192 1555 2211 1521 2192 1564 2138 1517 2125 1567 2159
1758 2341 1707 2403 1702 2350 1727 2395 1752 2325 1754 2422 1694 2379
1668 2047 1574 2047 1633 2140 1563 2146 1585 2094 1605 2155 1583 2092 1612 2149 1583 2076
1770 2257 1797 2216 1702 2199 1740 2328
1540 2621 1608 2534 1609 2583 1630 2605 1565 2703 1510 2557 1555 2604
1669 2415 1668 2339 1664 2439 1694 2468 1639 2433 1682 2358 1652 2382 1669 2394
1773 2189 1720 2135 1686 2305 1686 2228 1715 2184 1775 2174
1811 2232 1842 2298 1812 2262 1733 2236 1808 2276 1761 2320 1754 2274
1341 2283 1359 2199 1341 2248 1409 2152 1298 2169 1330 2249 1290 2182
1704 2310 1679 2385 1650 2299 1703 2378
1939 2373 1887 2390 1961 2392 1989 2457 1885 2368 1873 2463 1865 2415
1590 2435 1526 2461 1550 2383 1554 2473 1582 2459 1531 2519 1633 2416
1683 2753 1658 2713 1697 2644 1660 2653 1680 2747 1770 2632 1693 2712 1679 2617
1761 2430 1815 2482 1707 2479 1721 2453 1785 2503 1767 2486 1766 2471 1797 2481
1657 2557 1661 2523 1732 2517 1747 2517 1681 2498 1658 2501 1709 2555 1708 2540
1586 2338 1616 2377 1625 2258 1616 2334 1542 2296 1576 2330 1644 2376 1610 2293
1971 2404
1534 2434 1645 2398
1505 2094 1520 2084 1546 2130 1418 2126
1674 2416 1645 2342 1663 2424
1432 2760 1377 2794 1438 2696 1474 2699 1453 2623
1625 2394 1564 2352 1547 2387 1642 2405 1561 2363 1523 2406 1573 2451 1520 2357 1523 2362
1659 2729 1588 2739 1559 2756 1588 2704 1672 2703 1588 2709
1918 2037 1996 2090 1956 2101 1929 2109 1941 2112
1919 2307 1848 2223 1860 2295 1867 2251 1862 2321 1851 2246 1779 2327 1888 2358 1889 2310
1548 2510 1511 2529 1567 2546 1485 2517 1544 2544 1550 2455 1474 2549
1755 2221 1778 2176 1794 2213 1735 2255 1799 2227 1743 2177 1703 2170 1709 2152 1743 2153
1640 2509 1720 2434 1713 2433 1750 2443 1719 2410 1695 2535
1453 2309 1445 2319 1549 2358 1492 2314 1488 2347
1669 2530
1513 2205 1604 2182 1620 2143
1618 2529 1621 2523 1650 2538 1712 2659 1638 2569
1705 2417 1684 2433 1668 2506 1659 2449 1687 2415 1578 2480 1687 2462
1467 2290 1584 2279 1596 2324 1584 2215
1530 2427
1531 2509 1480 2465 1497 2505 1512 2480 1505 2509 1444 2543 1531 2522 1488 2517 1463 2500
1576 2475 1547 2427 1589 2408 1588 2458 1571 2441 1623 2446 1621 2464
1330 2435 1411 2545 1424 2533 1363 2490 1447 2443 1415 2449
1602 2452 1644 2408 1577 2524 1537 2491 1556 2441 1570 2451
1231 2584 1293 2581 1349 2634 1302 2688 1356 2606 1322 2660 1343 2569 1331 2552
1679 2546 1706 2592 1714 2582 1699 2570
1526 2461 1552 2460 1505 2370 1513 2465 1531 2465 1557 2436 1506 2409 1545 2418 1507 2405
1681 2463 1681 2392 1601 2506 1762 2443 1590 2431 1656 2462 1647 2413 1637 2441
1417 2255
1752 2148
1717 2446 1686 2469 1689 2505 1657 2510 1680 2504 1644 2524 1649 2467 1679 2497
1467 2227 1458 2258 1458 2253 1423 2163 1460 2231
1851 2220 1917 2252 1791 2191 1880 2227 1814 2165
1778 2260 1865 2285 1797 2348 1820 2344 1738 2218 1760 2276 1815 2253 1765 2232
1622 2466 1593 2434 1682 2406 1613 2407 1629 2422
1449 2392 1433 2387 1457 2348 1399 2335 1458 2351 1443 2406 1443 2355 1417 2413
1769 2437 1805 2426
1719 2271 1776 2276 1772 2326 1789 2319 1771 2295 1787 2274 1792 2253 1744 2290 1701 2302
1907 2332 1927 2344 1881 2301
1527 2509 1547 2525 1487 2474
1519 2436 1528 2385 1482 2397 1500 2339 1624 2422 1473 2432 1555 2384 1484 2399
1712 2320 1629 2312 1619 2251 1708 2333 1561 2306 1620 2320 1613 2328
1748 2458 1632 2485 1643 2427 1702 2496 1661 2418 1710 2470 1680 2482
1516 2355 1470 2406 1474 2410 1462 2328
1651 2150 1631 2136 1613 2092 1624 2134 1619 2059 1623 2095 1631 2110 1656 2035
1738 2657 1717 2624 1795 2674 1662 2745
1739 2244
1477 2431 1455 2430 1543 2360 1468 2339 1569 2381 1499 2375
1729 2254 1674 2302 1606 2203 1632 2256 1641 2233
1701 2577 1584 2558 1663 2630
1679 2073 1619 2201 1632 2185
1390 2403 1381 2311
1930 2317 1922 2351 1970 2253 1976 2407 1974 2269
1630 2072 1660 2143 1630 2046 1654 2109 1722 2178 1653 2198 1589 2133 1714 2128 1749 2110
1739 2563 1755 2464 1728 2549 1786 2606 1762 2562
1770 2274 1745 2229 1764 2286 1748 2304 1757 2310 1809 2306 1757 2337
1916 2549
1677 2335 1600 2328 1580 2405 1612 2399 1672 2346
1694 2254 1624 2241 1684 2147 1690 2172 1693 2300 1704 2178 1640 2218 1737 2181 1671 2229
1760 2398 1675 2375 1690 2437 1707 2469 1695 2429 1678 2398 1637 2389 1657 2423
1733 2403 1768 2397 1754 2443 1743 2487 1805 2389 1818 2490 1806 2367 1702 2435 1647 2431
1981 2459 2030 2322 2000 2351 2006 2373 2076 2382
1375 2385
1495 2392 1453 2348 1602 2374 1598 2330
1580 2393 1596 2406 1569 2406 1570 2415 1598 2403 1594 2375 1508 2441 1603 2404 1632 2434
1314 2464 1422 2448 1361 2449 1430 2498 1371 2385
1904 2326 1902 2339
1472 2466 1496 2496 1524 2513 1520 2501 1497 2472 1523 2554 1578 2520 1485 2527
1630 2426 1640 2325 1617 2330 1673 2390 1696 2370
1407 2454 1355 2397
2003 2300 1913 2349 1885 2327 1964 2308 1958 2291
1869 2369 1902 2316 1866 2326 1848 2324 1798 2324 1874 2373
1638 2547 1640 2521 1578 2543 1617 2515 1594 2521 1586 2494 1512 2571
1583 2312 1532 2208 1643 2260 1570 2258 1564 2241 1574 2272 1616 2318 1606 2264 1646 2231
1553 2471 1558 2543 1626 2488 1581 2481 1633 2483 1579 2479 1649 2491 1596 2526
1568 2262 1592 2366 1558 2311 1556 2334 1646 2340 1555 2329 1561 2255 1636 2348
1514 2470
1490 2485 1457 2536 1499 2488 1508 2473
1506 2389 1460 2363 1538 2373 1467 2365 1559 2372 1479 2374 1608 2422 1560 2426 1488 2376
3439 2950 3389 2954 3401 2915 3429 2916 3394 2935 3373 2904
3228 3021 3198 2992 3148 2968 3239 3026 3192 2924 3174 2967 3195 2986
3504 2519 3558 2561 3476 2542 3471 2516 3526 2487 3448 2575 3417 2602 3498 2471
3624 2959 3629 2981 3632 2932 3654 2879 3666 2970 3656 2971 3641 2971 3615 2942 3636 2949
3376 3009 3387 3050
3390 3115 3482 3142 3437 3096 3444 3141
3583 2796 3564 2792 3545 2719 3596 2842 3609 2836 3551 2827 3580 2747
3514 2886 3578 2943
3637 2725 3608 2728
3269 2718 3263 2786 3240 2778 3331 2709 3243 2759 3294 2799 3272 2753 3265 2771
3393 2987 3382 2994 3441 3025 3356 3049 3392 2943 3403 3056 3399 2927 3401 3027
3530 2916 3639 2853 3546 2858
3554 3006 3637 3018
3811 2780 3803 2740 3839 2764 3841 2722 3816 2839 3807 2746 3831 2696
3437 2855 3399 2909 3377 2884 3457 2969
3384 2732 3361 2789 3374 2784 3469 2743
3443 2693
3375 2830
3393 3024 3355 2988
3388 2648
3415 2596 3438 2677 3361 2672
3327 2649 3274 2687 3294 2643 3265 2635 3254 2654 3318 2675
3834 2850 3858 2848 3748 2883 3767 2830 3771 2875 3773 2875 3801 2894
3580 2994 3634 3032 3589 2991
3285 2738
3470 2710 3349 2769 3460 2719 3412 2716 3357 2725 3370 2758
3736 2892 3728 2830 3736 2823 3712 2875 3713 2774 3600 2871 3627 2871 3708 2863 3670 2932
3408 2840 3383 2860 3418 2812 3363 2834 3500 2867
3290 2748 3305 2637 3287 2711 3345 2697 3224 2714
3693 2646 3687 2697 3694 2693 3726 2667 3710 2712 3728 2641 3737 2678 3751 2657 3740 2631
3509 3098 3549 3039 3518 3061 3651 3079 3612 3067 3584 3011
3598 2681 3608 2711 3665 2751 3613 2741 3651 2723
3306 3050
3460 2917 3491 2912 3359 2907 3423 2973 3431 2924 3430 2853 3405 2911 3440 2874
3634 2485 3528 2529 3600 2442 3544 2504 3590 2554 3512 2467
3469 2932 3485 2926 3479 2887 3417 2909 3510 2928 3471 2903
3219 2620 3207 2648 3263 2662 3290 2672
3757 2633 3700 2637 3696 2625 3719 2654 3725 2579 3711 2595
3420 2973 3448 2944 3493 2940 3467 2970
3660 2681 3739 2718 3731 2755 3753 2800 3739 2840 3733 2699 3777 2679
3568 2955 3486 2857 3501 2929 3639 2924 3554 2924
3490 2950
3222 2813 3208 2751 3222 2766 3263 2780 3182 2832 3190 2746 3176 2710 3156 2767
3520 2797 3523 2774
3472 2706
3567 2676 3531 2718
3651 2712 3607 2727 3578 2689 3613 2734 3622 2729 3646 2650 3640 2686 3596 2682 3593 2705
3460 2740 3470 2639 3533 2699 3520 2716 3552 2725
3689 3084 3598 3019 3652 3110 3689 3055 3751 3043 3630 3128 3608 3060
3429 2994
3523 2946 3448 2877
3568 2931 3537 2855 3463 2849 3507 2936 3481 2925 3459 2861 3524 2878
3487 2804 3528 2775 3524 2780 3500 2743 3599 2714
3272 2827 3307 2860 3299 2857 3348 2876 3324 2864 3314 2909 3296 2868 3292 2850
3634 2760 3579 2822 3571 2844 3608 2717 3529 2765 3549 2754 3652 2761 3547 2800
3704 2608 3624 2553 3641 2573 3623 2544 3629 2548 3649 2540 3685 2562
3146 3208 3076 3277 3071 3183 3061 3197 3201 3252 3169 3113 3053 3150 3133 3174 3118 3212
3454 2617 3474 2681 3471 2656 3532 2660 3496 2684 3465 2666 3464 2649 3506 2641 3561 2687
3403 2738 3455 2741 3458 2660 3414 2742 3459 2686 3462 2712 3424 2640 3462 2690
3332 2987 3365 2979 3323 3010
3684 2945
3235 2939 3326 3052 3286 3009
3490 2846 3435 2815 3519 2829 3457 2801 3504 2789
3283 3227 3347 3214 3366 3185 3382 3129 3416 3221 3394 3154
3647 3032 3762 3081 3634 3052 3711 3044
3661 2703
3421 2904 3513 2883 3514 2944 3426 2900 3415 2932 3431 2938 3448 2970 3412 2877 3427 2940
3371 2968 3278 2958
3689 2918 3670 2940 3639 2949 3712 2932 3613 2999 3629 2957 3645 2889 3667 2947 3649 2930
3456 2740 3449 2673 3416 2751 3418 2756 3414 2753 3405 2679 3374 2748
3312 2785 3289 2742 3287 2819 3332 2796
3832 2843 3862 2838 3815 2786 3735 2837 3825 2790
3850 2919 3790 2946
3644 3025 3635 3107
3246 2857 3237 2835 3245 2825 3292 2812 3315 2779 3183 2836 3236 2842 3233 2796
3570 2985 3643 2857 3627 2868 3663 2906 3628 2927 3551 2932
3500 2989 3492 3012 3520 3101 3546 3026 3566 3033 3588 3073 3578 3017 3549 3040
3510 2733 3505 2788 3574 2803 3550 2808 3589 2794 3522 2785 3520 2774 3545 2812 3458 2788
3393 2807 3398 2873 3356 2796 3396 2844 3299 2845 3396 2782 3279 2754 3340 2803 3280 2774
3501 3099
3483 2860 3516 2892 3488 2885 3566 2915 3533 2937 3479 2909
3761 2889 3825 2923
3336 2505 3395 2599 3372 2569 3399 2540 3360 2567 3318 2557 3364 2572 3363 2572 3353 2604
3239 3180
3304 2877 3372 2855 3389 2844 3363 2828 3379 2917 3281 2848
3460 2986 3379 3014 3360 3057 3311 3014 3345 3009
3349 3013 3393 2912 3337 2929 3336 2981 3366 2943 3317 2941
3307 2939 3291 2833 3221 2903 3274 2959 3281 2953 3235 2965
3445 3044 3404 2951 3392 2920 3369 2980 3300 2896 3375 2961
3209 3052 3213 3050 3176 3068
3458 2808
3304 2879 3244 2973 3319 2919 3309 2932 3324 2922 3303 2887 3357 2903 3298 2964
3189 2921 3220 2866 3241 2915 3291 2949 3191 2949
3307 2965 3350 2912 3309 2849 3245 2938 3305 2971 3248 2932 3240 2831 3345 2886
3431 2993 3423 2981 3443 2928 3404 2937
3662 2942 3718 2890 3611 2925 3635 2935 3646 2907 3644 2899 3583 2976 3627 2947 3651 2937
3700 3076 3652 3190
3328 3046 3265 3073 3343 3018 3325 3071 3271 3110 3310 2973
3446 2822 3442 2763 3414 2839 3496 2852 3481 2807
3579 2794 3603 2700 3625 2746 3606 2754 3581 2742 3603 2820 3606 2757 3534 2807
2750 2300 2677 2274 2728 2303 2736 2327 2749 2223 2792 2237 2774 2343
2669 2393 2620 2468 2652 2493 2624 2431 2692 2382 2654 2399 2555 2479 2664 2337
2826 2237 2790 2190 2740 2257
2472 2559 2462 2529 2492 2600
2565 2364
2761 2371 2763 2435 2816 2407 2727 2387 2757 2344
2520 2668 2472 2618 2435 2644
2948 2536 2961 2666 2940 2637 2925 2620 2874 2632 2974 2573 2936 2628 2911 2641
2906 2425 2909 2461 2825 2387 2909 2443 2891 2450 2872 2454
2889 2605 2887 2542
2579 2501 2518 2498 2584 2636
3019 2384 2994 2386
2786 2627 2780 2571
2692 2683 2771 2727 2736 2743 2723 2712 2794 2688 2739 2711 2784 2700 2757 2722 2770 2690
2629 2296 2672 2297 2735 2305
2848 2557 2809 2578 2772 2567 2743 2563
2651 2449 2687 2378 2714 2472 2708 2419 2694 2329 2661 2391
2673 2467 2714 2373 2746 2385 2634 2393 2742 2366 2704 2439 2665 2394
3086 2540 3123 2477 3101 2489 3115 2509 3069 2577 3071 2504 3054 2543
2504 2667
2767 2748 2690 2752
2813 2477 2872 2510 2770 2508 2839 2521 2814 2506 2800 2489
2823 2483
2697 2576 2666 2605
3062 2472 3057 2443 3102 2451 3053 2513 3058 2407 3041 2389
2643 2513 2688 2418 2682 2430 2669 2398 2663 2494
2922 2438 2846 2417 2909 2380 2849 2456 2915 2448 2826 2426 2845 2432 2919 2372
3040 2148 2975 2093 3050 2186 2959 2154
2613 2630
2609 2588
3083 2480 3107 2482 3108 2465 3015 2424
2437 2427 2391 2456 2443 2405 2450 2384 2379 2433 2497 2414 2407 2444
3045 2437 3104 2472 3068 2504 3052 2339 2977 2498 3078 2415
2745 2357 2703 2256 2733 2264 2777 2359 2674 2285 2752 2269 2726 2251 2814 2305
2913 2502 2835 2372 2847 2482 2838 2448
2641 2700 2667 2704
2585 2520 2481 2481 2493 2458
2650 2414 2673 2332 2605 2322 2601 2342 2614 2338 2684 2348 2588 2395 2620 2326
2752 2459 2788 2472 2782 2468 2727 2444 2745 2467 2746 2474
3064 2401 2950 2359 3019 2360 3100 2365 3059 2405
2815 2388 2762 2276
2856 2647 2885 2601 2806 2623 2823 2585 2822 2672 2789 2566 2806 2637
2673 2712 2558 2713 2709 2737 2612 2688
2765 2577
2536 2539 2477 2584 2550 2621
2916 2480 2927 2431 2968 2446 2945 2448 2959 2438 3021 2469 2950 2457 3036 2449
2768 2669
2599 2599 2608 2590 2604 2641 2592 2689 2572 2642
2845 2115 2893 2087 2852 2181 2909 2201 2902 2205
2688 2867 2657 2844 2660 2806 2716 2890 2684 2852 2691 2809 2657 2796 2711 2831 2737 2790
2865 2716 2811 2790 2815 2689 2846 2775 2823 2710 2825 2722 2849 2730 2765 2754
2796 2342 2693 2355
2745 2844 2632 2895
2792 2718 2750 2679 2806 2676 2775 2678
2849 2382 2893 2364 2889 2284 2895 2423
2809 2284 2848 2260 2757 2248
2766 2575 2758 2553 2701 2541 2743 2538
2572 2514 2654 2527 2596 2516 2618 2482 2620 2468
2754 2411 2641 2291 2648 2424 2788 2308
2784 2756 2763 2835 2779 2760
2748 2357 2714 2429 2711 2337 2689 2377 2734 2337 2680 2434 2694 2345
3143 2305 3157 2217 3134 2179
2503 2462 2511 2431 2504 2475 2410 2385 2541 2509 2519 2472
2784 2687 2788 2664 2721 2714 2728 2575 2730 2650 2787 2640 2706 2593 2786 2627 2738 2636
2647 2583 2632 2594 2661 2616 2656 2574 2636 2613 2708 2600 2671 2568
2606 2739 2596 2764 2636 2698 2578 2710 2625 2703 2616 2685 2646 2714 2609 2677
2548 2408
2806 2536
2921 2577 2840 2517 2848 2656 2902 2589
2729 2568 2677 2550 2691 2500 2694 2523 2721 2472 2702 2555 2711 2575
2701 2472 2578 2510 2671 2486
2591 2381 2542 2354 2571 2394 2524 2368 2499 2395 2573 2370
2684 2576 2711 2463
2579 2385 2496 2419 2497 2350
2799 2535
2726 2363 2664 2450 2719 2437 2675 2383 2784 2441 2691 2356 2646 2393
2504 2238 2568 2288 2566 2279 2484 2333 2606 2209
2772 2459 2782 2490 2683 2529 2686 2497 2764 2494 2831 2459 2751 2566 2752 2529
2489 2457 2414 2500 2491 2518 2460 2544 2441 2532 2463 2472 2403 2518
2986 2580
2807 2433 2853 2410 2843 2436 2895 2365 2902 2467 2899 2537 2882 2480
2706 2661 2754 2677 2773 2722 2772 2694 2718 2642 2790 2665 2748 2655
2813 2384 2886 2402 2808 2374 2867 2422 2852 2381 2889 2444 2850 2475 2925 2442 2878 2471
2743 2280 2772 2303 2858 2274 2753 2340
2691 2432 2681 2530 2679 2496 2748 2551 2701 2541 2761 2533
2950 2403 2972 2400
2720 2461 2735 2433 2766 2433 2739 2395 2797 2415 2725 2357
2363 2639 2384 2580 2458 2636 2367 2661 2350 2696 2337 2568
2891 2435 2815 2440 2843 2502 2875 2487 2841 2482 2801 2514 2843 2474 2842 2471 2757 2544
2745 2514 2646 2555 2666 2567 2684 2519 2681 2645 2632 2657 2679 2598 2685 2534
2490 2236 2498 2248 2493 2187 2481 2258 2521 2209
2599 2409 2603 2497 2624 2455 2661 2470 2553 2394 2547 2397 2569 2460 2587 2461 2661 2488
2743 2256 2743 2382 2675 2356 2759 2306
2417 2692 2447 2604 2473 2688
2669 2717 2679 2744 2670 2731 2601 2726
2636 2722
2834 2299 2775 2264 2782 2314
2877 2475 2844 2503
2688 2393 2801 2441 2777 2346
2781 2465 2702 2502 2760 2434 2626 2423 2761 2442
3682 1876 3619 1784 3692 1760 3680 1850 3673 1868
3912 2078 3904 2064 3876 2122 3892 2073 3885 2064
3827 2043 3846 1991
3598 1776 3626 1746 3541 1694 3589 1802 3511 1702 3506 1769 3552 1808 3551 1798
3517 1805 3561 1748 3509 1806
3586 1589 3601 1666 3548 1652 3575 1714 3498 1622
3745 1653 3713 1701 3758 1673
3494 1822 3408 1888
3732 1883 3616 1946 3657 1950 3644 1927 3646 1944 3732 1889
3770 2151 3721 2167 3774 2150 3758 2162 3788 2138
3656 1943 3625 1953 3586 1974 3657 1939 3564 1956 3630 1967 3622 1963
3614 1573 3653 1545 3689 1611 3674 1567 3680 1578 3607 1577 3663 1583 3646 1566
3837 1580
3802 1824 3806 1784 3773 1881 3797 1855 3791 1847 3766 1898 3766 1831 3804 1851
3972 1637 3943 1566
4025 1887 4023 2028 3977 1944 4004 2010 4034 1925 3941 1979 4018 1932 3998 1919 4030 1941
3557 2042 3440 2066
3561 2175 3476 2165
3689 1809
3830 1679 3860 1617 3825 1677 3796 1619 3885 1672 3906 1664 3816 1655
3744 1650 3824 1587 3720 1688 3718 1664 3798 1685 3743 1655 3674 1651 3698 1676
3418 2214 3420 2247 3417 2252 3470 2224 3444 2168 3465 2126 3432 2277 3331 2195
3819 1771 3765 1768 3820 1726 3765 1795 3769 1744 3799 1753 3778 1763 3812 1749 3769 1739
3911 1764 3893 1774
3840 2198 3887 2197 3750 2216
3859 1740
3766 1897 3834 1996 3838 1968 3842 1965 3844 2008 3819 1928 3846 1946
3472 1627 3547 1656 3446 1606 3462 1533 3487 1662 3512 1554 3517 1621 3498 1564 3495 1666
3972 1955 3947 1948 3924 1950 3841 1927 3912 1887 3849 1969
3556 1604
3550 1994 3569 2104 3590 2013
3468 1864 3487 1799 3374 1765 3507 1805 3414 1774 3472 1836 3432 1741 3486 1797 3451 1782
3620 1624 3613 1695 3624 1735
3599 1996 3652 1989 3651 2017 3640 1976 3698 2043
3832 1835 3809 1828 3811 1793 3772 1882
3655 1868 3600 1876 3594 1925
3482 1950 3495 2003 3543 1927 3471 1960 3509 1968 3475 1993
3694 2010 3658 2015 3638 1979 3635 2023 3610 1988 3663 1947 3658 2001 3566 2007 3616 2050
3937 1997 3903 2020
3708 1531 3736 1564 3798 1485
4043 1621 4015 1635 3951 1652 4026 1682
3680 1968 3699 2024 3741 1965
3733 1673 3708 1592 3648 1594 3720 1610 3727 1613 3739 1673 3735 1561 3778 1588
3924 1917 3971 1911 4044 1895 3931 1868
3685 1951 3659 1916 3662 1889 3753 1935 3694 1830 3665 1950 3658 1896 3731 1900 3761 1893
3754 1874 3745 1905 3771 1917 3706 1859 3751 1900 3791 1903 3793 1986 3766 1903 3712 1888
3545 1831 3620 1852 3627 1828 3575 1836 3614 1830 3586 1866 3643 1866 3616 1772
3780 1912 3730 1813 3746 1987 3864 1894 3811 1907 3791 1870 3743 1958 3757 1881 3739 1864
3964 1878 3883 1817
3554 1940 3548 1904 3541 1835
3868 1898 3892 1926 3864 1912 3781 1918 3796 1934 3815 1861 3848 1868
4008 1944
3998 1907 3993 1834 3995 1885 4040 1886
3745 2071 3823 2058 3825 2059 3806 2009 3788 2038 3776 2073 3831 2066
3835 1677 3918 1733 3845 1776 3848 1746 3863 1738 3850 1730 3848 1713
3932 1680 3861 1706 3861 1789 3903 1763 3943 1746 3886 1782 3861 1646
3466 1654 3426 1666 3414 1641 3456 1635 3427 1659 3432 1691 3338 1665
3879 1686 3798 1617 3845 1657 3815 1640
3613 1557 3670 1601
3998 1621 4014 1602 4044 1625
3611 2220 3600 2154 3497 2145 3598 2154 3473 2125 3481 2214
3707 2124 3753 2154 3727 2172 3816 2175
3783 1707 3716 1673
3674 2203
3960 1949 3904 1880 3956 1859 3973 1862
3658 1641 3701 1640 3659 1698 3660 1667 3748 1620 3635 1642
3542 1844 3569 1813 3578 1860 3572 1842
3621 1812 3602 1840 3627 1842 3561 1827 3607 1865 3590 1865 3578 1838 3615 1799
3771 1744 3760 1723 3777 1792
3646 1969 3746 1923 3700 1909 3723 1946 3733 1980 3719 1907
3354 2016 3413 2111
3705 1843 3700 1903 3702 1816
3393 1698 3300 1692 3402 1729 3390 1708
3815 1947 3880 1943 3817 1923 3761 1957 3836 1893 3856 1932
3470 2103 3430 2128 3436 2065 3433 2149 3431 2157 3436 2099
3690 1793 3663 1713 3607 1751 3606 1757
3682 1934
3875 1671 3794 1724
3545 2147 3536 2187 3580 2146 3565 2194 3500 2149 3615 2141 3552 2138 3598 2094 3568 2105
3898 1846 3987 1935
3781 1572 3725 1698 3789 1646 3778 1647 3801 1633 3800 1600 3779 1631 3762 1616 3771 1630
3932 1998 3927 2099
3850 1689 3784 1770 3802 1641 3806 1733
3531 1856 3507 1931
3561 1856 3544 1882 3575 1893 3626 1859 3626 1827 3584 1825 3572 1836 3591 1869 3549 1853
3871 2072 3867 2027 3855 1919 3798 1991 3794 2027 3862 2064 3775 1960
3764 2213 3800 2246 3758 2259 3773 2220 3779 2236 3859 2213 3732 2266
3557 1747 3563 1790 3547 1808 3573 1795
3762 1998 3826 1939 3868 1949
3816 2073 3794 2162 3803 2138 3813 2148 3828 2062
3955 1705 3913 1671 3868 1726 3903 1743 3876 1748
3679 2075 3752 2107 3815 2172
3858 1896 3850 1943 3805 1894 3831 1904 3804 1893 3904 1951 3793 1919 3930 1839 3825 1872
3785 2053 3800 2058 3823 2130
3685 1897 3605 1811 3648 1868 3628 1888
3815 2000 3876 1998 3921 1988 3905 1952
3801 1950 3864 1910 3789 2036
3736 1661 3793 1683 3761 1615 3665 1643 3750 1715 3791 1732 3694 1717 3741 1603 3754 1727
3506 1817 3425 1822 3446 1806 3411 1816 3411 1883 3420 1810 3408 1826 3382 1777
3847 1796 3874 1760 3943 1769 3855 1831 3873 1751 3811 1806 3929 1793 3854 1715 3859 1800
2415 1716
2072 1385 2051 1377
2234 1661 2247 1600 2228 1652 2241 1614 2234 1653 2227 1651 2243 1639 2263 1615 2161 1680
2133 1669 2119 1625 2046 1634 2122 1561
2174 1755 2143 1766 2178 1781
1873 1423 1895 1435 1878 1479 1838 1510 1868 1550 1809 1550 1875 1470 1887 1419
2096 2033 2160 2041 2069 1941 2084 2021 2131 2016 2132 2027 2081 2046 2094 1970
2173 1644 2134 1777 2121 1714 2144 1676 2072 1690 2109 1719
2141 1569 2163 1533 2188 1542 2269 1581 2176 1522 2173 1597 2177 1568
2207 1745 2342 1639 2299 1638
2070 1743 2113 1762 2103 1771 2114 1791 2092 1726
2292 1781 2229 1773 2228 1836 2261 1789 2287 1750 2217 1792 2262 1826 2214 1726 2241 1876
1981 1688 1943 1678 1979 1644 1967 1650 2044 1693 1926 1744
2027 1434 2053 1440 2038 1454 2074 1439
2524 1653 2532 1678 2564 1707 2566 1627 2575 1630 2545 1652
1970 1718
2223 1424 2102 1419 2163 1452 2183 1453 2219 1455 2100 1456
2160 1862 2100 1829 2196 1787 2098 1855
2144 1662 2140 1593 2110 1593 2203 1630
2001 1955 2023 1949 2054 1917 2119 1967 2111 1946 2065 1929 2038 2020
2423 1588 2417 1688 2331 1685 2403 1663 2377 1621 2391 1705 2423 1649 2325 1656
2080 1886 2150 1837 2116 1808 2087 1867 2111 1870 2147 1852 2148 1846
2042 1808 2098 1836 2116 1816 2130 1747 2045 1870 2090 1753 2086 1781 2100 1787 2087 1853
2206 1819 2167 1887 2192 1815 2143 1878 2203 1815 2159 1852
2163 1720 2173 1813 2178 1725 2250 1772 2152 1707 2226 1773 2181 1786 2161 1828 2182 1792
2172 1923 2253 1994 2201 2004 2195 2042 2219 1947 2204 1975 2205 2004
2118 1485 2130 1418
2181 1786 2234 1770 2223 1781 2200 1793
2033 1813 2026 1867 2009 1893 2059 1867 2020 1907 2014 1876 2040 1862 2042 1846 2042 1857
2223 1692 2168 1685 2250 1689 2170 1653
2276 1801 2342 1786 2326 1725 2248 1841 2293 1790 2296 1740 2359 1804 2298 1773 2292 1859
2510 2109
2296 1579 2294 1562 2291 1564 2252 1526 2211 1625 2238 1608 2300 1574 2234 1564 2227 1518
2134 1778 2239 1836 2207 1815 2136 1751 2226 1801 2204 1805
2069 1795 2074 1782 2078 1797
1964 1598 1929 1581 1904 1561 1970 1541
1930 1601 1930 1517 1928 1520 1947 1558
2053 2017 2013 1972 2048 1940 1975 2008
2137 1743 2196 1670 2118 1720 2223 1673 2080 1733 2199 1668 2113 1718
2201 1846 2227 1828
2128 1616 2153 1649 2216 1645 2121 1719 2171 1667 2135 1677 2201 1648 2130 1740
2330 1967 2289 1975 2298 1946 2294 1938 2366 1944 2270 1943 2294 1938 2330 2019 2275 1987
2050 1767 2104 1736 2126 1754 2092 1735 2041 1763 2146 1693 2047 1813 2037 1747
2036 1978
2092 1674 2154 1682
2090 1644 2024 1566
2296 1776 2294 1808 2402 1805
2034 1653 2099 1732 2091 1702 2075 1732 2082 1673 2151 1651 2055 1680 2078 1726
2144 1672
2070 1860
2224 1901 2129 1967 2203 1956 2148 1882 2242 1900 2170 1919 2202 1895
2183 1552
2146 1733 2140 1748 2119 1718 2201 1770 2200 1768 2186 1784
2438 1865 2440 1874 2389 1879
2129 1813 2126 1792 2151 1821
2499 1744 2404 1732
2093 1726 2124 1764 2159 1722
2108 1685 2139 1700 2136 1710 2163 1722
2468 1796 2521 1803 2582 1858 2540 1862
2035 1828 1984 1804 1987 1792 1981 1795 1993 1799
2133 2012 2161 2091 2115 2074 2073 2026 2020 1967 2057 2098
1924 1935 1959 1976 1892 1957 1874 1922 1946 1910
2124 1680 2074 1732 2125 1790 2001 1760 2106 1803
2167 1763 2151 1894
2298 1839 2328 1806 2289 1808 2337 1739 2299 1814 2234 1762 2347 1781
2125 1580 2037 1560
2339 1601 2387 1616 2394 1669 2315 1562 2402 1618 2426 1579 2406 1654
2340 1669 2328 1669 2388 1655 2264 1702 2290 1716 2368 1649 2337 1674 2351 1684
2180 1653 2203 1667 2133 1642 2220 1697 2147 1671 2195 1594
2136 1397 2225 1411 2098 1421 2134 1390 2133 1395
1992 1958 2022 1837 2011 1893 2012 1866 1951 1884 1946 1918
1955 1744 1886 1701 1941 1705 1938 1743 1976 1759 1888 1769
2498 1660 2486 1671 2564 1696 2425 1653 2505 1629
2063 1648
2210 2006 2248 1948 2233 1952 2268 1907
2241 1774
2165 1862 2187 1908 2121 1906
2196 1709 2177 1788 2134 1835 2107 1736 2146 1726 2145 1674 2187 1803 2191 1769
2277 1664 2184 1549 2211 1532 2210 1573 2209 1602 2218 1640 2144 1702
1943 1775 1946 1844
2524 1700 2359 1710 2451 1686 2453 1670 2451 1707
2124 1692 2120 1637 2038 1610 2178 1619 2036 1654 2076 1609 2100 1649 2149 1604 2072 1670
2178 1894 2116 1847 2190 1853
2106 1746 2160 1823 2133 1698 2169 1749
2276 1689 2122 1657 2207 1688 2160 1627 2189 1630 2150 1749 2244 1747 2247 1599
2522 1563 2573 1598 2594 1608 2514 1617 2506 1621 2501 1670 2470 1633 2587 1640
2054 1822 2003 1772 1941 1777 1984 1878 2046 1825 1944 1833 2060 1915
2095 1711 2071 1759 2052 1648 2105 1660
2010 1700 1917 1757 2051 1844 1920 1804 1958 1690
2464 1824 2434 1819 2394 1749 2486 1832 2455 1761 2461 1839 2452 1793 2534 1834 2455 1786
2183 1794 2244 1812
2166 1616 2163 1563 2203 1589 2161 1544 2192 1646
2229 1551 2233 1552 2233 1604 2163 1585 2180 1562 2180 1487
2170 1857 2121 1861 2151 1862 2214 1866 2219 1827 2142 1902 2154 1913
2076 1920 2033 1829 2064 1928 1999 1917 2099 1860 2093 1883 2143 1863 2002 1910
1909 1389 1936 1417 1872 1404 1854 1372 1860 1413
2245 1897
2100 1871 2091 1896
2321 1649 2338 1757 2382 1697 2380 1652 2339 1683 2385 1729 2354 1660 2287 1679
1914 1790 1933 1814 1960 1770 1941 1750 1957 1783 1917 1745 1973 1771 1923 1838
